1646 1648 1650 1653    -150.0 50.0 1.750 200.535 117
1648 1650 1653 1659      65.0 55.0 1.750 200.535 117
5361 5363 5365 5368     -60.0 50.0 1.750 200.535 359side
5365 5363 5361 5257     -25.0 35.0 1.750 200.535 359loop
5368 1719 5368 1719      16.0  2.0 100.0 200.000 359CG
5480 5482 5484 1584    -245.0 45.0 1.750 200.535 366side
1577 1579 1581 5487     -75.0 55.0 1.750 200.535 113side 
g1     g2   g1   g2      21.0  2.5 100.0 200.000 TM9TM10 
5487   g4   5487 g4      14.0  3.5 100.0 200.000 366CG 
1584   g4   1584 g4       8.5  2.5 100.0 200.000 113CG   
5361 5359 5347 5346       0.0 50.0 1.750 200.535 357358
5308 5310 5326 5328       0.0 50.0 1.750 200.535 355 
5330 1774 5330 1774      12.0  3.0 100.0 200.000 356CA 
5330 1672 5330 1672      13.0  2.5 100.0 200.000 356CA
5308 5310 5312 5315     -60.0 50.0 1.750 200.535 355side
