5289 5291 5293 5306 -75.0   60.0  100  354phi
5291 5293 5306 5308  0.00   60.0  100  354psi
5306 5308 5310 5326 -87.0   80.0  100  355phi
5326 5328 5330 5336 -82.0   80.0  100  356phi
5328 5330 5336 5338 -20.0   60.0  100  356psi
5336 5338 5340 5343 -76.0   80.0  100  357phi
5343 5345 5347 5359 -82.0   80.0  100  358phi
5340 5347 5363 5382  37.0   40.0  100  loop
5380 5378 5363 5365 145.0   50.0  100  359side
5408 5410 5412 5415 180.0   50.0  100  362
5482 5484 1584 1584  85.0   65.0  100  366A
1579 1581 5487 5487  100.0  65.0  200  113A
5482 5480 1579 1579  100.0  80.0  450  113CA
