5289 5291 5293 5306 -75.0   60.0  100  354phi
5291 5293 5306 5308  0.00   60.0  100  354psi
5306 5308 5310 5326 -87.0   80.0  100  355phi
5326 5328 5330 5336 -82.0   80.0  100  356phi
5328 5330 5336 5338 -20.0   60.0  100  356psi
5336 5338 5340 5343 -76.0   80.0  100  357phi
5343 5345 5347 5359 -82.0   80.0  100  358phi
5359 5361 5363 5378 -60.0   80.0  100  359phi
5380 5378 5363 5361 -40.0   80.0  100  359psi
5340 5347 5363 5382	185.0   95.0  100  359loop
5380 5378 5363 5365	 90.0   45.0  100  359omega
